(kicad_pcb (version 20171130) (host pcbnew 5.0.2+dfsg1-1~bpo9+1)

  (general
    (thickness 1.6)
    (drawings 17)
    (tracks 581)
    (zones 0)
    (modules 70)
    (nets 85)
  )

  (page A4)
  (layers
    (0 F.Cu signal)
    (31 B.Cu signal)
    (32 B.Adhes user)
    (33 F.Adhes user)
    (34 B.Paste user)
    (35 F.Paste user)
    (36 B.SilkS user)
    (37 F.SilkS user)
    (38 B.Mask user)
    (39 F.Mask user)
    (40 Dwgs.User user)
    (41 Cmts.User user)
    (42 Eco1.User user)
    (43 Eco2.User user)
    (44 Edge.Cuts user)
    (45 Margin user)
    (46 B.CrtYd user)
    (47 F.CrtYd user)
    (48 B.Fab user hide)
    (49 F.Fab user hide)
  )

  (setup
    (last_trace_width 0.25)
    (trace_clearance 0.2)
    (zone_clearance 0.25)
    (zone_45_only yes)
    (trace_min 0.2)
    (segment_width 0.2)
    (edge_width 0.15)
    (via_size 0.6)
    (via_drill 0.3)
    (via_min_size 0.4)
    (via_min_drill 0.3)
    (uvia_size 0.3)
    (uvia_drill 0.1)
    (uvias_allowed no)
    (uvia_min_size 0.2)
    (uvia_min_drill 0.1)
    (pcb_text_width 0.3)
    (pcb_text_size 1.5 1.5)
    (mod_edge_width 0.15)
    (mod_text_size 1 1)
    (mod_text_width 0.15)
    (pad_size 1.524 1.524)
    (pad_drill 0.762)
    (pad_to_mask_clearance 0.051)
    (solder_mask_min_width 0.25)
    (aux_axis_origin 0 0)
    (visible_elements FFFFFF7F)
    (pcbplotparams
      (layerselection 0x010fc_ffffffff)
      (usegerberextensions false)
      (usegerberattributes false)
      (usegerberadvancedattributes false)
      (creategerberjobfile false)
      (excludeedgelayer true)
      (linewidth 0.100000)
      (plotframeref false)
      (viasonmask false)
      (mode 1)
      (useauxorigin false)
      (hpglpennumber 1)
      (hpglpenspeed 20)
      (hpglpendiameter 15.000000)
      (psnegative false)
      (psa4output false)
      (plotreference true)
      (plotvalue true)
      (plotinvisibletext false)
      (padsonsilk false)
      (subtractmaskfromsilk false)
      (outputformat 1)
      (mirror false)
      (drillshape 1)
      (scaleselection 1)
      (outputdirectory ""))
  )

  (net 0 "")
  (net 1 "Net-(Q35-Pad1)")
  (net 2 "/USB Connection/Charge_EN")
  (net 3 GND)
  (net 4 "/USB Connection/+5V_USB")
  (net 5 +3V3)
  (net 6 /RESET)
  (net 7 "Net-(DUSB1-Pad2)")
  (net 8 "/USB Connection/USB3.3")
  (net 9 "Net-(Q30-Pad1)")
  (net 10 /PowerHandling/B_Raw+)
  (net 11 "Net-(U1-Pad4)")
  (net 12 "Net-(U1-Pad5)")
  (net 13 "Net-(U1-Pad6)")
  (net 14 "Net-(U1-Pad7)")
  (net 15 "Net-(U1-Pad14)")
  (net 16 "Net-(U1-Pad17)")
  (net 17 "Net-(U1-Pad18)")
  (net 18 "Net-(U1-Pad19)")
  (net 19 "Net-(U1-Pad20)")
  (net 20 "Net-(U1-Pad21)")
  (net 21 "Net-(U1-Pad22)")
  (net 22 /GPIO0)
  (net 23 "Net-(U1-Pad32)")
  (net 24 /U>E)
  (net 25 /E>U)
  (net 26 +BATT)
  (net 27 "Net-(D35-Pad2)")
  (net 28 "Net-(D30-Pad1)")
  (net 29 "Net-(DUSB1-Pad1)")
  (net 30 "Net-(D2-Pad2)")
  (net 31 "Net-(D3-Pad2)")
  (net 32 "Net-(D5-Pad2)")
  (net 33 "Net-(J2-Pad5)")
  (net 34 "Net-(J2-Pad9)")
  (net 35 /AUDIO)
  (net 36 /LED_1)
  (net 37 /LED_2)
  (net 38 /V_SENSE)
  (net 39 /VBRT)
  (net 40 /TRIGGER)
  (net 41 "Net-(D6-Pad4)")
  (net 42 "Net-(D6-Pad3)")
  (net 43 "Net-(D7-Pad1)")
  (net 44 /IR_OUT)
  (net 45 /IR_IN)
  (net 46 /CONN_IND)
  (net 47 /CHG_G)
  (net 48 /CHG_R)
  (net 49 /CHG_STAT)
  (net 50 "Net-(QPWR1-Pad3)")
  (net 51 /BCLK)
  (net 52 /LRCLK)
  (net 53 SCL)
  (net 54 SDA)
  (net 55 "Net-(U3-Pad4)")
  (net 56 "Net-(U3-Pad9)")
  (net 57 "Net-(U3-Pad10)")
  (net 58 "Net-(U3-Pad11)")
  (net 59 "Net-(Q5-Pad2)")
  (net 60 "Net-(Q6-Pad1)")
  (net 61 "Net-(Q5-Pad1)")
  (net 62 "Net-(Q6-Pad2)")
  (net 63 "Net-(U13-Pad5)")
  (net 64 "Net-(U13-Pad7)")
  (net 65 "Net-(U13-Pad8)")
  (net 66 "Net-(U13-Pad9)")
  (net 67 "Net-(U13-Pad10)")
  (net 68 "Net-(J3-Pad3)")
  (net 69 "Net-(J3-Pad2)")
  (net 70 "Net-(U13-Pad19)")
  (net 71 "Net-(J3-Pad4)")
  (net 72 "Net-(U4-Pad4)")
  (net 73 "Net-(AMP1-Pad9)")
  (net 74 "Net-(AMP1-Pad10)")
  (net 75 "Net-(D1-Pad4)")
  (net 76 "Net-(AMP1-Pad7)")
  (net 77 "Net-(J2-Pad3)")
  (net 78 "Net-(J2-Pad7)")
  (net 79 /CTRL_BACK)
  (net 80 /CTRL_FWD)
  (net 81 /CTRL_DOWN)
  (net 82 "Net-(U50-Pad2)")
  (net 83 "Net-(J2-Pad4)")
  (net 84 "Net-(J2-Pad8)")

  (net_class Default "This is the default net class."
    (clearance 0.2)
    (trace_width 0.25)
    (via_dia 0.6)
    (via_drill 0.3)
    (uvia_dia 0.3)
    (uvia_drill 0.1)
    (add_net +3V3)
    (add_net +BATT)
    (add_net /AUDIO)
    (add_net /BCLK)
    (add_net /CHG_G)
    (add_net /CHG_R)
    (add_net /CHG_STAT)
    (add_net /CONN_IND)
    (add_net /CTRL_BACK)
    (add_net /CTRL_DOWN)
    (add_net /CTRL_FWD)
    (add_net /E>U)
    (add_net /GPIO0)
    (add_net /IR_IN)
    (add_net /IR_OUT)
    (add_net /LED_1)
    (add_net /LED_2)
    (add_net /LRCLK)
    (add_net /PowerHandling/B_Raw+)
    (add_net /RESET)
    (add_net /TRIGGER)
    (add_net /U>E)
    (add_net "/USB Connection/+5V_USB")
    (add_net "/USB Connection/Charge_EN")
    (add_net "/USB Connection/USB3.3")
    (add_net /VBRT)
    (add_net /V_SENSE)
    (add_net GND)
    (add_net "Net-(AMP1-Pad10)")
    (add_net "Net-(AMP1-Pad7)")
    (add_net "Net-(AMP1-Pad9)")
    (add_net "Net-(D1-Pad4)")
    (add_net "Net-(D2-Pad2)")
    (add_net "Net-(D3-Pad2)")
    (add_net "Net-(D30-Pad1)")
    (add_net "Net-(D35-Pad2)")
    (add_net "Net-(D5-Pad2)")
    (add_net "Net-(D6-Pad3)")
    (add_net "Net-(D6-Pad4)")
    (add_net "Net-(D7-Pad1)")
    (add_net "Net-(DUSB1-Pad1)")
    (add_net "Net-(DUSB1-Pad2)")
    (add_net "Net-(J2-Pad3)")
    (add_net "Net-(J2-Pad4)")
    (add_net "Net-(J2-Pad5)")
    (add_net "Net-(J2-Pad7)")
    (add_net "Net-(J2-Pad8)")
    (add_net "Net-(J2-Pad9)")
    (add_net "Net-(J3-Pad2)")
    (add_net "Net-(J3-Pad3)")
    (add_net "Net-(J3-Pad4)")
    (add_net "Net-(Q30-Pad1)")
    (add_net "Net-(Q35-Pad1)")
    (add_net "Net-(Q5-Pad1)")
    (add_net "Net-(Q5-Pad2)")
    (add_net "Net-(Q6-Pad1)")
    (add_net "Net-(Q6-Pad2)")
    (add_net "Net-(QPWR1-Pad3)")
    (add_net "Net-(U1-Pad14)")
    (add_net "Net-(U1-Pad17)")
    (add_net "Net-(U1-Pad18)")
    (add_net "Net-(U1-Pad19)")
    (add_net "Net-(U1-Pad20)")
    (add_net "Net-(U1-Pad21)")
    (add_net "Net-(U1-Pad22)")
    (add_net "Net-(U1-Pad32)")
    (add_net "Net-(U1-Pad4)")
    (add_net "Net-(U1-Pad5)")
    (add_net "Net-(U1-Pad6)")
    (add_net "Net-(U1-Pad7)")
    (add_net "Net-(U13-Pad10)")
    (add_net "Net-(U13-Pad19)")
    (add_net "Net-(U13-Pad5)")
    (add_net "Net-(U13-Pad7)")
    (add_net "Net-(U13-Pad8)")
    (add_net "Net-(U13-Pad9)")
    (add_net "Net-(U3-Pad10)")
    (add_net "Net-(U3-Pad11)")
    (add_net "Net-(U3-Pad4)")
    (add_net "Net-(U3-Pad9)")
    (add_net "Net-(U4-Pad4)")
    (add_net "Net-(U50-Pad2)")
    (add_net SCL)
    (add_net SDA)
  )

  (module Resistor_SMD:R_0805_2012Metric (layer B.Cu) (tedit 5B36C52B) (tstamp 5D6A0F71)
    (at 118.3259 98.5266 45)
    (descr "Resistor SMD 0805 (2012 Metric), square (rectangular) end terminal, IPC_7351 nominal, (Body size source: https://docs.google.com/spreadsheets/d/1BsfQQcO9C6DZCsRaXUlFlo91Tg2WpOkGARC1WS5S8t0/edit?usp=sharing), generated with kicad-footprint-generator")
    (tags resistor)
    (path /5D69D2A7)
    (attr smd)
    (fp_text reference R8 (at 2.658156 -0.466973 90) (layer B.SilkS)
      (effects (font (size 1 1) (thickness 0.15)) (justify mirror))
    )
    (fp_text value 220 (at 0 -1.65 45) (layer B.Fab)
      (effects (font (size 1 1) (thickness 0.15)) (justify mirror))
    )
    (fp_text user %R (at 0 0 45) (layer B.Fab)
      (effects (font (size 0.5 0.5) (thickness 0.08)) (justify mirror))
    )
    (fp_line (start 1.68 -0.95) (end -1.68 -0.95) (layer B.CrtYd) (width 0.05))
    (fp_line (start 1.68 0.95) (end 1.68 -0.95) (layer B.CrtYd) (width 0.05))
    (fp_line (start -1.68 0.95) (end 1.68 0.95) (layer B.CrtYd) (width 0.05))
    (fp_line (start -1.68 -0.95) (end -1.68 0.95) (layer B.CrtYd) (width 0.05))
    (fp_line (start -0.258578 -0.71) (end 0.258578 -0.71) (layer B.SilkS) (width 0.12))
    (fp_line (start -0.258578 0.71) (end 0.258578 0.71) (layer B.SilkS) (width 0.12))
    (fp_line (start 1 -0.6) (end -1 -0.6) (layer B.Fab) (width 0.1))
    (fp_line (start 1 0.6) (end 1 -0.6) (layer B.Fab) (width 0.1))
    (fp_line (start -1 0.6) (end 1 0.6) (layer B.Fab) (width 0.1))
    (fp_line (start -1 -0.6) (end -1 0.6) (layer B.Fab) (width 0.1))
    (pad 2 smd roundrect (at 0.937501 0 45) (size 0.975 1.4) (layers B.Cu B.Paste B.Mask) (roundrect_rratio 0.25)
      (net 54 SDA))
    (pad 1 smd roundrect (at -0.937501 0 45) (size 0.975 1.4) (layers B.Cu B.Paste B.Mask) (roundrect_rratio 0.25)
      (net 84 "Net-(J2-Pad8)"))
    (model ${KISYS3DMOD}/Resistor_SMD.3dshapes/R_0805_2012Metric.wrl
      (at (xyz 0 0 0))
      (scale (xyz 1 1 1))
      (rotate (xyz 0 0 0))
    )
  )

  (module Resistor_SMD:R_0805_2012Metric (layer B.Cu) (tedit 5B36C52B) (tstamp 5D6A0524)
    (at 118.4783 101.1047 45)
    (descr "Resistor SMD 0805 (2012 Metric), square (rectangular) end terminal, IPC_7351 nominal, (Body size source: https://docs.google.com/spreadsheets/d/1BsfQQcO9C6DZCsRaXUlFlo91Tg2WpOkGARC1WS5S8t0/edit?usp=sharing), generated with kicad-footprint-generator")
    (tags resistor)
    (path /5D69D35B)
    (attr smd)
    (fp_text reference R9 (at -0.287368 1.526644 45) (layer B.SilkS)
      (effects (font (size 1 1) (thickness 0.15)) (justify mirror))
    )
    (fp_text value 220 (at 0 -1.65 45) (layer B.Fab)
      (effects (font (size 1 1) (thickness 0.15)) (justify mirror))
    )
    (fp_line (start -1 -0.6) (end -1 0.6) (layer B.Fab) (width 0.1))
    (fp_line (start -1 0.6) (end 1 0.6) (layer B.Fab) (width 0.1))
    (fp_line (start 1 0.6) (end 1 -0.6) (layer B.Fab) (width 0.1))
    (fp_line (start 1 -0.6) (end -1 -0.6) (layer B.Fab) (width 0.1))
    (fp_line (start -0.258578 0.71) (end 0.258578 0.71) (layer B.SilkS) (width 0.12))
    (fp_line (start -0.258578 -0.71) (end 0.258578 -0.71) (layer B.SilkS) (width 0.12))
    (fp_line (start -1.68 -0.95) (end -1.68 0.95) (layer B.CrtYd) (width 0.05))
    (fp_line (start -1.68 0.95) (end 1.68 0.95) (layer B.CrtYd) (width 0.05))
    (fp_line (start 1.68 0.95) (end 1.68 -0.95) (layer B.CrtYd) (width 0.05))
    (fp_line (start 1.68 -0.95) (end -1.68 -0.95) (layer B.CrtYd) (width 0.05))
    (fp_text user %R (at 0 0 45) (layer B.Fab)
      (effects (font (size 0.5 0.5) (thickness 0.08)) (justify mirror))
    )
    (pad 1 smd roundrect (at -0.937501 0 45) (size 0.975 1.4) (layers B.Cu B.Paste B.Mask) (roundrect_rratio 0.25)
      (net 83 "Net-(J2-Pad4)"))
    (pad 2 smd roundrect (at 0.937501 0 45) (size 0.975 1.4) (layers B.Cu B.Paste B.Mask) (roundrect_rratio 0.25)
      (net 53 SCL))
    (model ${KISYS3DMOD}/Resistor_SMD.3dshapes/R_0805_2012Metric.wrl
      (at (xyz 0 0 0))
      (scale (xyz 1 1 1))
      (rotate (xyz 0 0 0))
    )
  )

  (module Connector_PinHeader_2.00mm:PinHeader_1x02_P2.00mm_Vertical (layer F.Cu) (tedit 59FED667) (tstamp 5D69E439)
    (at 85.6869 95.1484 180)
    (descr "Through hole straight pin header, 1x02, 2.00mm pitch, single row")
    (tags "Through hole pin header THT 1x02 2.00mm single row")
    (path /5D694850)
    (fp_text reference J5 (at 0.7239 -2.2606 270) (layer F.SilkS)
      (effects (font (size 1 1) (thickness 0.15)))
    )
    (fp_text value Conn_01x02_Male (at 0 4.06 180) (layer F.Fab)
      (effects (font (size 1 1) (thickness 0.15)))
    )
    (fp_line (start -0.5 -1) (end 1 -1) (layer F.Fab) (width 0.1))
    (fp_line (start 1 -1) (end 1 3) (layer F.Fab) (width 0.1))
    (fp_line (start 1 3) (end -1 3) (layer F.Fab) (width 0.1))
    (fp_line (start -1 3) (end -1 -0.5) (layer F.Fab) (width 0.1))
    (fp_line (start -1 -0.5) (end -0.5 -1) (layer F.Fab) (width 0.1))
    (fp_line (start -1.06 3.06) (end 1.06 3.06) (layer F.SilkS) (width 0.12))
    (fp_line (start -1.06 1) (end -1.06 3.06) (layer F.SilkS) (width 0.12))
    (fp_line (start 1.06 1) (end 1.06 3.06) (layer F.SilkS) (width 0.12))
    (fp_line (start -1.06 1) (end 1.06 1) (layer F.SilkS) (width 0.12))
    (fp_line (start -1.06 0) (end -1.06 -1.06) (layer F.SilkS) (width 0.12))
    (fp_line (start -1.06 -1.06) (end 0 -1.06) (layer F.SilkS) (width 0.12))
    (fp_line (start -1.5 -1.5) (end -1.5 3.5) (layer F.CrtYd) (width 0.05))
    (fp_line (start -1.5 3.5) (end 1.5 3.5) (layer F.CrtYd) (width 0.05))
    (fp_line (start 1.5 3.5) (end 1.5 -1.5) (layer F.CrtYd) (width 0.05))
    (fp_line (start 1.5 -1.5) (end -1.5 -1.5) (layer F.CrtYd) (width 0.05))
    (fp_text user %R (at 0 1 270) (layer F.Fab)
      (effects (font (size 1 1) (thickness 0.15)))
    )
    (pad 1 thru_hole rect (at 0 0 180) (size 1.35 1.35) (drill 0.8) (layers *.Cu *.Mask)
      (net 74 "Net-(AMP1-Pad10)"))
    (pad 2 thru_hole oval (at 0 2 180) (size 1.35 1.35) (drill 0.8) (layers *.Cu *.Mask)
      (net 73 "Net-(AMP1-Pad9)"))
    (model ${KISYS3DMOD}/Connector_PinHeader_2.00mm.3dshapes/PinHeader_1x02_P2.00mm_Vertical.wrl
      (at (xyz 0 0 0))
      (scale (xyz 1 1 1))
      (rotate (xyz 0 0 0))
    )
  )

  (module TestPoint:TestPoint_Pad_2.0x2.0mm (layer B.Cu) (tedit 5A0F774F) (tstamp 5D688C09)
    (at 80.645 101.219)
    (descr "SMD rectangular pad as test Point, square 2.0mm side length")
    (tags "test point SMD pad rectangle square")
    (path /5D6C79CC)
    (attr virtual)
    (fp_text reference TP1 (at 0 1.998) (layer B.SilkS)
      (effects (font (size 1 1) (thickness 0.15)) (justify mirror))
    )
    (fp_text value TestPoint (at 0 -2.05) (layer B.Fab)
      (effects (font (size 1 1) (thickness 0.15)) (justify mirror))
    )
    (fp_text user %R (at 0 2) (layer B.Fab)
      (effects (font (size 1 1) (thickness 0.15)) (justify mirror))
    )
    (fp_line (start -1.2 1.2) (end 1.2 1.2) (layer B.SilkS) (width 0.12))
    (fp_line (start 1.2 1.2) (end 1.2 -1.2) (layer B.SilkS) (width 0.12))
    (fp_line (start 1.2 -1.2) (end -1.2 -1.2) (layer B.SilkS) (width 0.12))
    (fp_line (start -1.2 -1.2) (end -1.2 1.2) (layer B.SilkS) (width 0.12))
    (fp_line (start -1.5 1.5) (end 1.5 1.5) (layer B.CrtYd) (width 0.05))
    (fp_line (start -1.5 1.5) (end -1.5 -1.5) (layer B.CrtYd) (width 0.05))
    (fp_line (start 1.5 -1.5) (end 1.5 1.5) (layer B.CrtYd) (width 0.05))
    (fp_line (start 1.5 -1.5) (end -1.5 -1.5) (layer B.CrtYd) (width 0.05))
    (pad 1 smd rect (at 0 0) (size 2 2) (layers B.Cu B.Mask)
      (net 52 /LRCLK))
  )

  (module TestPoint:TestPoint_Pad_2.0x2.0mm (layer B.Cu) (tedit 5A0F774F) (tstamp 5D688BFB)
    (at 74.3458 101.219)
    (descr "SMD rectangular pad as test Point, square 2.0mm side length")
    (tags "test point SMD pad rectangle square")
    (path /5D6C7B05)
    (attr virtual)
    (fp_text reference TP2 (at 0 1.998) (layer B.SilkS)
      (effects (font (size 1 1) (thickness 0.15)) (justify mirror))
    )
    (fp_text value TestPoint (at 0 -2.05) (layer B.Fab)
      (effects (font (size 1 1) (thickness 0.15)) (justify mirror))
    )
    (fp_line (start 1.5 -1.5) (end -1.5 -1.5) (layer B.CrtYd) (width 0.05))
    (fp_line (start 1.5 -1.5) (end 1.5 1.5) (layer B.CrtYd) (width 0.05))
    (fp_line (start -1.5 1.5) (end -1.5 -1.5) (layer B.CrtYd) (width 0.05))
    (fp_line (start -1.5 1.5) (end 1.5 1.5) (layer B.CrtYd) (width 0.05))
    (fp_line (start -1.2 -1.2) (end -1.2 1.2) (layer B.SilkS) (width 0.12))
    (fp_line (start 1.2 -1.2) (end -1.2 -1.2) (layer B.SilkS) (width 0.12))
    (fp_line (start 1.2 1.2) (end 1.2 -1.2) (layer B.SilkS) (width 0.12))
    (fp_line (start -1.2 1.2) (end 1.2 1.2) (layer B.SilkS) (width 0.12))
    (fp_text user %R (at 0 2) (layer B.Fab)
      (effects (font (size 1 1) (thickness 0.15)) (justify mirror))
    )
    (pad 1 smd rect (at 0 0) (size 2 2) (layers B.Cu B.Mask)
      (net 51 /BCLK))
  )

  (module TestPoint:TestPoint_Pad_2.0x2.0mm (layer B.Cu) (tedit 5A0F774F) (tstamp 5D688BED)
    (at 77.4954 101.219)
    (descr "SMD rectangular pad as test Point, square 2.0mm side length")
    (tags "test point SMD pad rectangle square")
    (path /5D6C7BE2)
    (attr virtual)
    (fp_text reference TP3 (at 0 1.998) (layer B.SilkS)
      (effects (font (size 1 1) (thickness 0.15)) (justify mirror))
    )
    (fp_text value TestPoint (at 0 -2.05) (layer B.Fab)
      (effects (font (size 1 1) (thickness 0.15)) (justify mirror))
    )
    (fp_text user %R (at 0 2) (layer B.Fab)
      (effects (font (size 1 1) (thickness 0.15)) (justify mirror))
    )
    (fp_line (start -1.2 1.2) (end 1.2 1.2) (layer B.SilkS) (width 0.12))
    (fp_line (start 1.2 1.2) (end 1.2 -1.2) (layer B.SilkS) (width 0.12))
    (fp_line (start 1.2 -1.2) (end -1.2 -1.2) (layer B.SilkS) (width 0.12))
    (fp_line (start -1.2 -1.2) (end -1.2 1.2) (layer B.SilkS) (width 0.12))
    (fp_line (start -1.5 1.5) (end 1.5 1.5) (layer B.CrtYd) (width 0.05))
    (fp_line (start -1.5 1.5) (end -1.5 -1.5) (layer B.CrtYd) (width 0.05))
    (fp_line (start 1.5 -1.5) (end 1.5 1.5) (layer B.CrtYd) (width 0.05))
    (fp_line (start 1.5 -1.5) (end -1.5 -1.5) (layer B.CrtYd) (width 0.05))
    (pad 1 smd rect (at 0 0) (size 2 2) (layers B.Cu B.Mask)
      (net 35 /AUDIO))
  )

  (module Resistor_SMD:R_0805_2012Metric (layer F.Cu) (tedit 5B36C52B) (tstamp 5D68422C)
    (at 107.4674 98.806 180)
    (descr "Resistor SMD 0805 (2012 Metric), square (rectangular) end terminal, IPC_7351 nominal, (Body size source: https://docs.google.com/spreadsheets/d/1BsfQQcO9C6DZCsRaXUlFlo91Tg2WpOkGARC1WS5S8t0/edit?usp=sharing), generated with kicad-footprint-generator")
    (tags resistor)
    (path /5D6959C1)
    (attr smd)
    (fp_text reference R1 (at 0 -1.6002 180) (layer F.SilkS)
      (effects (font (size 1 1) (thickness 0.15)))
    )
    (fp_text value 220 (at 0 1.65 180) (layer F.Fab)
      (effects (font (size 1 1) (thickness 0.15)))
    )
    (fp_text user %R (at 0 0 180) (layer F.Fab)
      (effects (font (size 0.5 0.5) (thickness 0.08)))
    )
    (fp_line (start 1.68 0.95) (end -1.68 0.95) (layer F.CrtYd) (width 0.05))
    (fp_line (start 1.68 -0.95) (end 1.68 0.95) (layer F.CrtYd) (width 0.05))
    (fp_line (start -1.68 -0.95) (end 1.68 -0.95) (layer F.CrtYd) (width 0.05))
    (fp_line (start -1.68 0.95) (end -1.68 -0.95) (layer F.CrtYd) (width 0.05))
    (fp_line (start -0.258578 0.71) (end 0.258578 0.71) (layer F.SilkS) (width 0.12))
    (fp_line (start -0.258578 -0.71) (end 0.258578 -0.71) (layer F.SilkS) (width 0.12))
    (fp_line (start 1 0.6) (end -1 0.6) (layer F.Fab) (width 0.1))
    (fp_line (start 1 -0.6) (end 1 0.6) (layer F.Fab) (width 0.1))
    (fp_line (start -1 -0.6) (end 1 -0.6) (layer F.Fab) (width 0.1))
    (fp_line (start -1 0.6) (end -1 -0.6) (layer F.Fab) (width 0.1))
    (pad 2 smd roundrect (at 0.9375 0 180) (size 0.975 1.4) (layers F.Cu F.Paste F.Mask) (roundrect_rratio 0.25)
      (net 37 /LED_2))
    (pad 1 smd roundrect (at -0.9375 0 180) (size 0.975 1.4) (layers F.Cu F.Paste F.Mask) (roundrect_rratio 0.25)
      (net 78 "Net-(J2-Pad7)"))
    (model ${KISYS3DMOD}/Resistor_SMD.3dshapes/R_0805_2012Metric.wrl
      (at (xyz 0 0 0))
      (scale (xyz 1 1 1))
      (rotate (xyz 0 0 0))
    )
  )

  (module Resistor_SMD:R_0805_2012Metric (layer B.Cu) (tedit 5B36C52B) (tstamp 5D68409B)
    (at 117.9576 95.377 90)
    (descr "Resistor SMD 0805 (2012 Metric), square (rectangular) end terminal, IPC_7351 nominal, (Body size source: https://docs.google.com/spreadsheets/d/1BsfQQcO9C6DZCsRaXUlFlo91Tg2WpOkGARC1WS5S8t0/edit?usp=sharing), generated with kicad-footprint-generator")
    (tags resistor)
    (path /5D695A6F)
    (attr smd)
    (fp_text reference R7 (at 2.667 0 90) (layer B.SilkS)
      (effects (font (size 1 1) (thickness 0.15)) (justify mirror))
    )
    (fp_text value 220 (at 0 -1.65 90) (layer B.Fab)
      (effects (font (size 1 1) (thickness 0.15)) (justify mirror))
    )
    (fp_line (start -1 -0.6) (end -1 0.6) (layer B.Fab) (width 0.1))
    (fp_line (start -1 0.6) (end 1 0.6) (layer B.Fab) (width 0.1))
    (fp_line (start 1 0.6) (end 1 -0.6) (layer B.Fab) (width 0.1))
    (fp_line (start 1 -0.6) (end -1 -0.6) (layer B.Fab) (width 0.1))
    (fp_line (start -0.258578 0.71) (end 0.258578 0.71) (layer B.SilkS) (width 0.12))
    (fp_line (start -0.258578 -0.71) (end 0.258578 -0.71) (layer B.SilkS) (width 0.12))
    (fp_line (start -1.68 -0.95) (end -1.68 0.95) (layer B.CrtYd) (width 0.05))
    (fp_line (start -1.68 0.95) (end 1.68 0.95) (layer B.CrtYd) (width 0.05))
    (fp_line (start 1.68 0.95) (end 1.68 -0.95) (layer B.CrtYd) (width 0.05))
    (fp_line (start 1.68 -0.95) (end -1.68 -0.95) (layer B.CrtYd) (width 0.05))
    (fp_text user %R (at 0 0 90) (layer B.Fab)
      (effects (font (size 0.5 0.5) (thickness 0.08)) (justify mirror))
    )
    (pad 1 smd roundrect (at -0.9375 0 90) (size 0.975 1.4) (layers B.Cu B.Paste B.Mask) (roundrect_rratio 0.25)
      (net 77 "Net-(J2-Pad3)"))
    (pad 2 smd roundrect (at 0.9375 0 90) (size 0.975 1.4) (layers B.Cu B.Paste B.Mask) (roundrect_rratio 0.25)
      (net 45 /IR_IN))
    (model ${KISYS3DMOD}/Resistor_SMD.3dshapes/R_0805_2012Metric.wrl
      (at (xyz 0 0 0))
      (scale (xyz 1 1 1))
      (rotate (xyz 0 0 0))
    )
  )

  (module Capacitor_SMD:C_1206_3216Metric (layer B.Cu) (tedit 5B301BBE) (tstamp 5D67F1F0)
    (at 67.5132 95.504)
    (descr "Capacitor SMD 1206 (3216 Metric), square (rectangular) end terminal, IPC_7351 nominal, (Body size source: http://www.tortai-tech.com/upload/download/2011102023233369053.pdf), generated with kicad-footprint-generator")
    (tags capacitor)
    (path /5D67DBF1)
    (attr smd)
    (fp_text reference C5 (at -2.8448 0 90) (layer B.SilkS)
      (effects (font (size 1 1) (thickness 0.15)) (justify mirror))
    )
    (fp_text value 47uF (at 0 -1.82) (layer B.Fab)
      (effects (font (size 1 1) (thickness 0.15)) (justify mirror))
    )
    (fp_line (start -1.6 -0.8) (end -1.6 0.8) (layer B.Fab) (width 0.1))
    (fp_line (start -1.6 0.8) (end 1.6 0.8) (layer B.Fab) (width 0.1))
    (fp_line (start 1.6 0.8) (end 1.6 -0.8) (layer B.Fab) (width 0.1))
    (fp_line (start 1.6 -0.8) (end -1.6 -0.8) (layer B.Fab) (width 0.1))
    (fp_line (start -0.602064 0.91) (end 0.602064 0.91) (layer B.SilkS) (width 0.12))
    (fp_line (start -0.602064 -0.91) (end 0.602064 -0.91) (layer B.SilkS) (width 0.12))
    (fp_line (start -2.28 -1.12) (end -2.28 1.12) (layer B.CrtYd) (width 0.05))
    (fp_line (start -2.28 1.12) (end 2.28 1.12) (layer B.CrtYd) (width 0.05))
    (fp_line (start 2.28 1.12) (end 2.28 -1.12) (layer B.CrtYd) (width 0.05))
    (fp_line (start 2.28 -1.12) (end -2.28 -1.12) (layer B.CrtYd) (width 0.05))
    (fp_text user %R (at 0 0) (layer B.Fab)
      (effects (font (size 0.8 0.8) (thickness 0.12)) (justify mirror))
    )
    (pad 1 smd roundrect (at -1.4 0) (size 1.25 1.75) (layers B.Cu B.Paste B.Mask) (roundrect_rratio 0.2)
      (net 3 GND))
    (pad 2 smd roundrect (at 1.4 0) (size 1.25 1.75) (layers B.Cu B.Paste B.Mask) (roundrect_rratio 0.2)
      (net 5 +3V3))
    (model ${KISYS3DMOD}/Capacitor_SMD.3dshapes/C_1206_3216Metric.wrl
      (at (xyz 0 0 0))
      (scale (xyz 1 1 1))
      (rotate (xyz 0 0 0))
    )
  )

  (module Diode_SMD:D_SOD-123F (layer B.Cu) (tedit 587F7769) (tstamp 5D67EFE9)
    (at 95.0468 99.8982 270)
    (descr D_SOD-123F)
    (tags D_SOD-123F)
    (path /5C2BB052/5D685547)
    (attr smd)
    (fp_text reference D8 (at -0.0127 1.778 270) (layer B.SilkS)
      (effects (font (size 1 1) (thickness 0.15)) (justify mirror))
    )
    (fp_text value D_Zener_ALT (at 0 -2.1 270) (layer B.Fab)
      (effects (font (size 1 1) (thickness 0.15)) (justify mirror))
    )
    (fp_text user %R (at -0.127 1.905 270) (layer B.Fab)
      (effects (font (size 1 1) (thickness 0.15)) (justify mirror))
    )
    (fp_line (start -2.2 1) (end -2.2 -1) (layer B.SilkS) (width 0.12))
    (fp_line (start 0.25 0) (end 0.75 0) (layer B.Fab) (width 0.1))
    (fp_line (start 0.25 -0.4) (end -0.35 0) (layer B.Fab) (width 0.1))
    (fp_line (start 0.25 0.4) (end 0.25 -0.4) (layer B.Fab) (width 0.1))
    (fp_line (start -0.35 0) (end 0.25 0.4) (layer B.Fab) (width 0.1))
    (fp_line (start -0.35 0) (end -0.35 -0.55) (layer B.Fab) (width 0.1))
    (fp_line (start -0.35 0) (end -0.35 0.55) (layer B.Fab) (width 0.1))
    (fp_line (start -0.75 0) (end -0.35 0) (layer B.Fab) (width 0.1))
    (fp_line (start -1.4 -0.9) (end -1.4 0.9) (layer B.Fab) (width 0.1))
    (fp_line (start 1.4 -0.9) (end -1.4 -0.9) (layer B.Fab) (width 0.1))
    (fp_line (start 1.4 0.9) (end 1.4 -0.9) (layer B.Fab) (width 0.1))
    (fp_line (start -1.4 0.9) (end 1.4 0.9) (layer B.Fab) (width 0.1))
    (fp_line (start -2.2 1.15) (end 2.2 1.15) (layer B.CrtYd) (width 0.05))
    (fp_line (start 2.2 1.15) (end 2.2 -1.15) (layer B.CrtYd) (width 0.05))
    (fp_line (start 2.2 -1.15) (end -2.2 -1.15) (layer B.CrtYd) (width 0.05))
    (fp_line (start -2.2 1.15) (end -2.2 -1.15) (layer B.CrtYd) (width 0.05))
    (fp_line (start -2.2 -1) (end 1.65 -1) (layer B.SilkS) (width 0.12))
    (fp_line (start -2.2 1) (end 1.65 1) (layer B.SilkS) (width 0.12))
    (pad 1 smd rect (at -1.4 0 270) (size 1.1 1.1) (layers B.Cu B.Paste B.Mask)
      (net 5 +3V3))
    (pad 2 smd rect (at 1.4 0 270) (size 1.1 1.1) (layers B.Cu B.Paste B.Mask)
      (net 3 GND))
    (model ${KISYS3DMOD}/Diode_SMD.3dshapes/D_SOD-123F.wrl
      (at (xyz 0 0 0))
      (scale (xyz 1 1 1))
      (rotate (xyz 0 0 0))
    )
  )

  (module MainBoard_Rev2:nav_switch_COM_08184 (layer B.Cu) (tedit 5D67D98E) (tstamp 5D67EE30)
    (at 71.628 81.3816 180)
    (path /5C2D6974/5D685BA0)
    (fp_text reference J4 (at 0 -0.5 180) (layer B.SilkS)
      (effects (font (size 1 1) (thickness 0.15)) (justify mirror))
    )
    (fp_text value Conn_01x04_Male (at 0 0.5 180) (layer B.Fab)
      (effects (font (size 1 1) (thickness 0.15)) (justify mirror))
    )
    (fp_line (start -5.9 -4.1) (end 5.9 -4.1) (layer B.SilkS) (width 0.15))
    (fp_line (start 5.9 -4.1) (end 5.9 2) (layer B.SilkS) (width 0.15))
    (fp_line (start 5.9 2) (end 3.429 3.556) (layer B.SilkS) (width 0.15))
    (fp_line (start -5.9 -4.1) (end -5.9 2) (layer B.SilkS) (width 0.15))
    (fp_line (start -5.9 2) (end -3.175 3.683) (layer B.SilkS) (width 0.15))
    (fp_arc (start 0 -1.905) (end 3.429 3.556) (angle 61.72944919) (layer B.SilkS) (width 0.15))
    (pad "" np_thru_hole circle (at 2.5 0 180) (size 1.3 1.3) (drill 1.1) (layers *.Cu *.Mask))
    (pad "" np_thru_hole circle (at -2.5 0 180) (size 1.3 1.3) (drill 1.1) (layers *.Cu *.Mask))
    (pad 4 smd rect (at 5.4 0.85 180) (size 1.7 1.7) (layers B.Cu B.Paste B.Mask)
      (net 81 /CTRL_DOWN))
    (pad 2 smd roundrect (at 0 -3.8 180) (size 1.9 1.9) (layers B.Cu B.Paste B.Mask) (roundrect_rratio 0.25)
      (net 3 GND))
    (pad 2 smd rect (at -5.4 0.85 180) (size 1.7 1.7) (layers B.Cu B.Paste B.Mask)
      (net 3 GND))
    (pad 3 smd roundrect (at 2.5 -3.8 180) (size 1.9 1.9) (layers B.Cu B.Paste B.Mask) (roundrect_rratio 0.25)
      (net 80 /CTRL_FWD))
    (pad 1 smd roundrect (at -2.5 -3.8 180) (size 1.9 1.9) (layers B.Cu B.Paste B.Mask) (roundrect_rratio 0.25)
      (net 79 /CTRL_BACK))
    (model ${KIPRJMOD}/nav_switch_COM/NAV_SWITCH.STEP
      (offset (xyz -6 -4 0))
      (scale (xyz 1 1 1))
      (rotate (xyz 0 0 0))
    )
  )

  (module digikey-footprints:LED_RGB_WP154A4SUREQBFZGC (layer F.Cu) (tedit 59C54BEE) (tstamp 5D2925FD)
    (at 66.5988 111.1504 270)
    (descr http://www.kingbrightusa.com/images/catalog/SPEC/WP154A4SUREQBFZGC.pdf)
    (path /5C2D6974/5D2A09E9)
    (fp_text reference D1 (at 0 -2.0574 270) (layer F.SilkS)
      (effects (font (size 1 1) (thickness 0.15)))
    )
    (fp_text value COM-12999 (at 0 4.5 270) (layer F.Fab)
      (effects (font (size 1 1) (thickness 0.15)))
    )
    (fp_circle (center 0 0) (end 3.25 0) (layer F.CrtYd) (width 0.05))
    (fp_line (start -0.4 3.1) (end 0.3 3.1) (layer F.SilkS) (width 0.1))
    (fp_line (start -0.4 -3.1) (end 0.4 -3.1) (layer F.SilkS) (width 0.1))
    (fp_line (start 3.1 0.3) (end 3.1 -0.3) (layer F.SilkS) (width 0.1))
    (fp_line (start -3.1 -0.4) (end -3.1 0.3) (layer F.SilkS) (width 0.1))
    (fp_text user %R (at 0.25 -1.25 270) (layer F.Fab)
      (effects (font (size 1 1) (thickness 0.15)))
    )
    (fp_circle (center 0 0) (end 2.95 0) (layer F.Fab) (width 0.1))
    (pad 2 thru_hole circle (at -0.635 0 270) (size 1.1 1.1) (drill 0.75) (layers *.Cu *.Mask)
      (net 26 +BATT))
    (pad 3 thru_hole circle (at 0.635 0 270) (size 1.1 1.1) (drill 0.75) (layers *.Cu *.Mask)
      (net 3 GND))
    (pad 1 thru_hole rect (at -1.905 0 270) (size 1.1 1.1) (drill 0.75) (layers *.Cu *.Mask)
      (net 36 /LED_1))
    (pad 4 thru_hole circle (at 1.905 0 270) (size 1.1 1.1) (drill 0.75) (layers *.Cu *.Mask)
      (net 75 "Net-(D1-Pad4)"))
  )

  (module Capacitor_SMD:C_0805_2012Metric (layer B.Cu) (tedit 5B36C52B) (tstamp 5D290253)
    (at 73.5838 94.996 180)
    (descr "Capacitor SMD 0805 (2012 Metric), square (rectangular) end terminal, IPC_7351 nominal, (Body size source: https://docs.google.com/spreadsheets/d/1BsfQQcO9C6DZCsRaXUlFlo91Tg2WpOkGARC1WS5S8t0/edit?usp=sharing), generated with kicad-footprint-generator")
    (tags capacitor)
    (path /5D29F5C5)
    (attr smd)
    (fp_text reference C4 (at 2.2606 0 270) (layer B.SilkS)
      (effects (font (size 1 1) (thickness 0.15)) (justify mirror))
    )
    (fp_text value 10uF (at 0 -1.65 180) (layer B.Fab)
      (effects (font (size 1 1) (thickness 0.15)) (justify mirror))
    )
    (fp_line (start -1 -0.6) (end -1 0.6) (layer B.Fab) (width 0.1))
    (fp_line (start -1 0.6) (end 1 0.6) (layer B.Fab) (width 0.1))
    (fp_line (start 1 0.6) (end 1 -0.6) (layer B.Fab) (width 0.1))
    (fp_line (start 1 -0.6) (end -1 -0.6) (layer B.Fab) (width 0.1))
    (fp_line (start -0.258578 0.71) (end 0.258578 0.71) (layer B.SilkS) (width 0.12))
    (fp_line (start -0.258578 -0.71) (end 0.258578 -0.71) (layer B.SilkS) (width 0.12))
    (fp_line (start -1.68 -0.95) (end -1.68 0.95) (layer B.CrtYd) (width 0.05))
    (fp_line (start -1.68 0.95) (end 1.68 0.95) (layer B.CrtYd) (width 0.05))
    (fp_line (start 1.68 0.95) (end 1.68 -0.95) (layer B.CrtYd) (width 0.05))
    (fp_line (start 1.68 -0.95) (end -1.68 -0.95) (layer B.CrtYd) (width 0.05))
    (fp_text user %R (at 0 0 180) (layer B.Fab)
      (effects (font (size 0.5 0.5) (thickness 0.08)) (justify mirror))
    )
    (pad 1 smd roundrect (at -0.9375 0 180) (size 0.975 1.4) (layers B.Cu B.Paste B.Mask) (roundrect_rratio 0.25)
      (net 26 +BATT))
    (pad 2 smd roundrect (at 0.9375 0 180) (size 0.975 1.4) (layers B.Cu B.Paste B.Mask) (roundrect_rratio 0.25)
      (net 3 GND))
    (model ${KISYS3DMOD}/Capacitor_SMD.3dshapes/C_0805_2012Metric.wrl
      (at (xyz 0 0 0))
      (scale (xyz 1 1 1))
      (rotate (xyz 0 0 0))
    )
  )

  (module Package_DFN_QFN:QFN-16-1EP_3x3mm_P0.5mm_EP2.7x2.7mm_ThermalVias (layer B.Cu) (tedit 5A650620) (tstamp 5D28CC92)
    (at 78.0796 95.6564)
    (descr "16-Lead Plastic Quad Flat, No Lead Package (NG) - 3x3x0.9 mm Body [QFN]; (see Microchip Packaging Specification 00000049BS.pdf)")
    (tags "QFN 0.5")
    (path /5D27DFC9)
    (attr smd)
    (fp_text reference AMP1 (at 0 2.85) (layer B.SilkS)
      (effects (font (size 1 1) (thickness 0.15)) (justify mirror))
    )
    (fp_text value MAX98357A (at 0 -2.85) (layer B.Fab)
      (effects (font (size 1 1) (thickness 0.15)) (justify mirror))
    )
    (fp_text user %R (at 0 0) (layer B.Fab)
      (effects (font (size 0.65 0.65) (thickness 0.125)) (justify mirror))
    )
    (fp_line (start -0.5 1.5) (end 1.5 1.5) (layer B.Fab) (width 0.15))
    (fp_line (start 1.5 1.5) (end 1.5 -1.5) (layer B.Fab) (width 0.15))
    (fp_line (start 1.5 -1.5) (end -1.5 -1.5) (layer B.Fab) (width 0.15))
    (fp_line (start -1.5 -1.5) (end -1.5 0.5) (layer B.Fab) (width 0.15))
    (fp_line (start -1.5 0.5) (end -0.5 1.5) (layer B.Fab) (width 0.15))
    (fp_line (start -2.1 2.1) (end -2.1 -2.1) (layer B.CrtYd) (width 0.05))
    (fp_line (start 2.1 2.1) (end 2.1 -2.1) (layer B.CrtYd) (width 0.05))
    (fp_line (start -2.1 2.1) (end 2.1 2.1) (layer B.CrtYd) (width 0.05))
    (fp_line (start -2.1 -2.1) (end 2.1 -2.1) (layer B.CrtYd) (width 0.05))
    (fp_line (start 1.625 1.625) (end 1.625 1.125) (layer B.SilkS) (width 0.15))
    (fp_line (start -1.625 -1.625) (end -1.625 -1.125) (layer B.SilkS) (width 0.15))
    (fp_line (start 1.625 -1.625) (end 1.625 -1.125) (layer B.SilkS) (width 0.15))
    (fp_line (start -1.625 1.625) (end -1.125 1.625) (layer B.SilkS) (width 0.15))
    (fp_line (start -1.625 -1.625) (end -1.125 -1.625) (layer B.SilkS) (width 0.15))
    (fp_line (start 1.625 -1.625) (end 1.125 -1.625) (layer B.SilkS) (width 0.15))
    (fp_line (start 1.625 1.625) (end 1.125 1.625) (layer B.SilkS) (width 0.15))
    (pad 1 smd oval (at -1.475 0.75) (size 0.75 0.3) (layers B.Cu B.Paste B.Mask)
      (net 35 /AUDIO))
    (pad 2 smd oval (at -1.475 0.25) (size 0.75 0.3) (layers B.Cu B.Paste B.Mask)
      (net 3 GND))
    (pad 3 smd oval (at -1.475 -0.25) (size 0.75 0.3) (layers B.Cu B.Paste B.Mask)
      (net 3 GND))
    (pad 4 smd oval (at -1.475 -0.75) (size 0.75 0.3) (layers B.Cu B.Paste B.Mask)
      (net 26 +BATT))
    (pad 5 smd oval (at -0.75 -1.475 270) (size 0.75 0.3) (layers B.Cu B.Paste B.Mask))
    (pad 6 smd oval (at -0.25 -1.475 270) (size 0.75 0.3) (layers B.Cu B.Paste B.Mask))
    (pad 7 smd oval (at 0.25 -1.475 270) (size 0.75 0.3) (layers B.Cu B.Paste B.Mask)
      (net 76 "Net-(AMP1-Pad7)"))
    (pad 8 smd oval (at 0.75 -1.475 270) (size 0.75 0.3) (layers B.Cu B.Paste B.Mask)
      (net 26 +BATT))
    (pad 9 smd oval (at 1.475 -0.75) (size 0.75 0.3) (layers B.Cu B.Paste B.Mask)
      (net 73 "Net-(AMP1-Pad9)"))
    (pad 10 smd oval (at 1.475 -0.25) (size 0.75 0.3) (layers B.Cu B.Paste B.Mask)
      (net 74 "Net-(AMP1-Pad10)"))
    (pad 11 smd oval (at 1.475 0.25) (size 0.75 0.3) (layers B.Cu B.Paste B.Mask)
      (net 3 GND))
    (pad 12 smd oval (at 1.475 0.75) (size 0.75 0.3) (layers B.Cu B.Paste B.Mask))
    (pad 13 smd oval (at 0.75 1.475 270) (size 0.75 0.3) (layers B.Cu B.Paste B.Mask))
    (pad 14 smd oval (at 0.25 1.475 270) (size 0.75 0.3) (layers B.Cu B.Paste B.Mask)
      (net 52 /LRCLK))
    (pad 15 smd oval (at -0.25 1.475 270) (size 0.75 0.3) (layers B.Cu B.Paste B.Mask)
      (net 3 GND))
    (pad 16 smd oval (at -0.75 1.475 270) (size 0.75 0.3) (layers B.Cu B.Paste B.Mask)
      (net 51 /BCLK))
    (pad 17 smd rect (at 0 0) (size 1.8 1.8) (layers F.Cu))
    (pad "" smd rect (at 0.5 0.5) (size 0.73 0.73) (layers B.Paste))
    (pad 17 smd rect (at 0 0) (size 1.8 1.8) (layers B.Cu B.Mask))
    (pad 17 thru_hole circle (at 0 0) (size 0.6 0.6) (drill 0.3) (layers *.Cu))
    (pad 17 thru_hole circle (at -0.5 0.5) (size 0.6 0.6) (drill 0.3) (layers *.Cu))
    (pad 17 thru_hole circle (at 0.5 0.5) (size 0.6 0.6) (drill 0.3) (layers *.Cu))
    (pad 17 thru_hole circle (at 0.5 -0.5) (size 0.6 0.6) (drill 0.3) (layers *.Cu))
    (pad 17 thru_hole circle (at -0.5 -0.5) (size 0.6 0.6) (drill 0.3) (layers *.Cu))
    (pad "" smd rect (at -0.5 0.5) (size 0.73 0.73) (layers B.Paste))
    (pad "" smd rect (at -0.5 -0.5) (size 0.73 0.73) (layers B.Paste))
    (pad "" smd rect (at 0.5 -0.5) (size 0.73 0.73) (layers B.Paste))
    (model ${KISYS3DMOD}/Package_DFN_QFN.3dshapes/QFN-16-1EP_3x3mm_P0.5mm_EP2.7x2.7mm_ThermalVias.wrl
      (at (xyz 0 0 0))
      (scale (xyz 1 1 1))
      (rotate (xyz 0 0 0))
    )
  )

  (module Capacitor_SMD:C_0805_2012Metric (layer B.Cu) (tedit 5B36C52B) (tstamp 5D2860D4)
    (at 66.929 97.917 180)
    (descr "Capacitor SMD 0805 (2012 Metric), square (rectangular) end terminal, IPC_7351 nominal, (Body size source: https://docs.google.com/spreadsheets/d/1BsfQQcO9C6DZCsRaXUlFlo91Tg2WpOkGARC1WS5S8t0/edit?usp=sharing), generated with kicad-footprint-generator")
    (tags capacitor)
    (path /5C2D560A)
    (attr smd)
    (fp_text reference C2 (at 2.286 0.0254 270) (layer B.SilkS)
      (effects (font (size 1 1) (thickness 0.15)) (justify mirror))
    )
    (fp_text value 150nF (at 0 -1.65 180) (layer B.Fab)
      (effects (font (size 1 1) (thickness 0.15)) (justify mirror))
    )
    (fp_text user %R (at 0 0 180) (layer B.Fab)
      (effects (font (size 0.5 0.5) (thickness 0.08)) (justify mirror))
    )
    (fp_line (start 1.68 -0.95) (end -1.68 -0.95) (layer B.CrtYd) (width 0.05))
    (fp_line (start 1.68 0.95) (end 1.68 -0.95) (layer B.CrtYd) (width 0.05))
    (fp_line (start -1.68 0.95) (end 1.68 0.95) (layer B.CrtYd) (width 0.05))
    (fp_line (start -1.68 -0.95) (end -1.68 0.95) (layer B.CrtYd) (width 0.05))
    (fp_line (start -0.258578 -0.71) (end 0.258578 -0.71) (layer B.SilkS) (width 0.12))
    (fp_line (start -0.258578 0.71) (end 0.258578 0.71) (layer B.SilkS) (width 0.12))
    (fp_line (start 1 -0.6) (end -1 -0.6) (layer B.Fab) (width 0.1))
    (fp_line (start 1 0.6) (end 1 -0.6) (layer B.Fab) (width 0.1))
    (fp_line (start -1 0.6) (end 1 0.6) (layer B.Fab) (width 0.1))
    (fp_line (start -1 -0.6) (end -1 0.6) (layer B.Fab) (width 0.1))
    (pad 2 smd roundrect (at 0.9375 0 180) (size 0.975 1.4) (layers B.Cu B.Paste B.Mask) (roundrect_rratio 0.25)
      (net 3 GND))
    (pad 1 smd roundrect (at -0.9375 0 180) (size 0.975 1.4) (layers B.Cu B.Paste B.Mask) (roundrect_rratio 0.25)
      (net 5 +3V3))
    (model ${KISYS3DMOD}/Capacitor_SMD.3dshapes/C_0805_2012Metric.wrl
      (at (xyz 0 0 0))
      (scale (xyz 1 1 1))
      (rotate (xyz 0 0 0))
    )
  )

  (module Capacitor_SMD:C_0805_2012Metric (layer B.Cu) (tedit 5B36C52B) (tstamp 5D286044)
    (at 92.2655 104.521 270)
    (descr "Capacitor SMD 0805 (2012 Metric), square (rectangular) end terminal, IPC_7351 nominal, (Body size source: https://docs.google.com/spreadsheets/d/1BsfQQcO9C6DZCsRaXUlFlo91Tg2WpOkGARC1WS5S8t0/edit?usp=sharing), generated with kicad-footprint-generator")
    (tags capacitor)
    (path /5C2D6974/5C2EBE16)
    (attr smd)
    (fp_text reference C31 (at -0.4064 -1.5875 270) (layer B.SilkS)
      (effects (font (size 1 1) (thickness 0.15)) (justify mirror))
    )
    (fp_text value 150nF (at 0 -1.65 270) (layer B.Fab)
      (effects (font (size 1 1) (thickness 0.15)) (justify mirror))
    )
    (fp_line (start -1 -0.6) (end -1 0.6) (layer B.Fab) (width 0.1))
    (fp_line (start -1 0.6) (end 1 0.6) (layer B.Fab) (width 0.1))
    (fp_line (start 1 0.6) (end 1 -0.6) (layer B.Fab) (width 0.1))
    (fp_line (start 1 -0.6) (end -1 -0.6) (layer B.Fab) (width 0.1))
    (fp_line (start -0.258578 0.71) (end 0.258578 0.71) (layer B.SilkS) (width 0.12))
    (fp_line (start -0.258578 -0.71) (end 0.258578 -0.71) (layer B.SilkS) (width 0.12))
    (fp_line (start -1.68 -0.95) (end -1.68 0.95) (layer B.CrtYd) (width 0.05))
    (fp_line (start -1.68 0.95) (end 1.68 0.95) (layer B.CrtYd) (width 0.05))
    (fp_line (start 1.68 0.95) (end 1.68 -0.95) (layer B.CrtYd) (width 0.05))
    (fp_line (start 1.68 -0.95) (end -1.68 -0.95) (layer B.CrtYd) (width 0.05))
    (fp_text user %R (at 0 0 270) (layer B.Fab)
      (effects (font (size 0.5 0.5) (thickness 0.08)) (justify mirror))
    )
    (pad 1 smd roundrect (at -0.9375 0 270) (size 0.975 1.4) (layers B.Cu B.Paste B.Mask) (roundrect_rratio 0.25)
      (net 40 /TRIGGER))
    (pad 2 smd roundrect (at 0.9375 0 270) (size 0.975 1.4) (layers B.Cu B.Paste B.Mask) (roundrect_rratio 0.25)
      (net 3 GND))
    (model ${KISYS3DMOD}/Capacitor_SMD.3dshapes/C_0805_2012Metric.wrl
      (at (xyz 0 0 0))
      (scale (xyz 1 1 1))
      (rotate (xyz 0 0 0))
    )
  )

  (module Resistor_SMD:R_0805_2012Metric (layer B.Cu) (tedit 5B36C52B) (tstamp 5D2858FE)
    (at 68.453 90.424)
    (descr "Resistor SMD 0805 (2012 Metric), square (rectangular) end terminal, IPC_7351 nominal, (Body size source: https://docs.google.com/spreadsheets/d/1BsfQQcO9C6DZCsRaXUlFlo91Tg2WpOkGARC1WS5S8t0/edit?usp=sharing), generated with kicad-footprint-generator")
    (tags resistor)
    (path /5C3068A7)
    (attr smd)
    (fp_text reference R6 (at -2.6162 0) (layer B.SilkS)
      (effects (font (size 1 1) (thickness 0.15)) (justify mirror))
    )
    (fp_text value 2.2k (at 0 -1.65) (layer B.Fab)
      (effects (font (size 1 1) (thickness 0.15)) (justify mirror))
    )
